-1.093625696266883107e+00
-5.747121811095425858e-01
7.589412484782107060e-02
-4.813386216549928737e-02
-4.331669283219874433e-01
-1.313575098974488986e+00
-1.954052101605437297e+00
-1.160650816731100710e+00
2.691188262155124189e-01
4.487859245149087850e-01
4.699411040396948569e-01
-4.749201626258197501e-02
1.384826465167502962e-01
6.680364226906699843e-01
-7.784609604224179691e-02
-1.503482035714384768e+00
8.933425187201299300e-02
1.102624704802646294e+00
3.020536443074430255e-01
2.108522112159763040e-01
-4.541357339670921145e-01
-2.255287228238543953e-02
1.142851688767368312e+00
5.822596457589728630e-02
1.634811976478850903e+00
-1.975731047684741448e-01
-4.887413704532788672e-01
7.365622630669582671e-01
4.350344926968749415e-01
1.734139713699944796e-02
8.829918159764681418e-01
1.104099944440339431e+00
2.686758142862941123e-01
-6.146530231926658483e-02
1.095024880667990974e+00
-2.941669127687679963e-01
6.218464890099720810e-01
8.697666055957797848e-01
3.202732814978964671e-01
1.285798301323849424e-01
7.616283683092587298e-01
1.752193245424612522e+00
6.648632375480089118e-01
8.985117691544933227e-02
-1.425889393309243414e-01
-9.435855660736200967e-01
-2.446310305103093982e-02
-5.013399222407771694e-01
-6.705126135405354848e-01
9.675356244974269576e-03
8.046424714895059616e-01
-1.147218670434328874e-01
7.067849873745468692e-01
-9.976710200973407661e-01
5.602336657325180935e-01
-1.781533161561258127e-01
1.585907192574659008e-01
-2.828589015876183457e-02
5.046921015459070459e-01
